{"assets":{"C050ABC6A89D3C8ED9F604B42593C483":{"type":"texture","index":127,"assetRequest":{"type":"slide","state":"incoming","slide":"BF50D513-E5F4-45DB-A013-19ADDE6CA277"},"url":{"web":"assets/C050ABC6A89D3C8ED9F604B42593C483.png"},"width":1024,"height":768},"C225A446337CC560C15346928AEF4B10":{"type":"texture","index":128,"assetRequest":{"type":"slide","state":"incoming-reflection","slide":"BF50D513-E5F4-45DB-A013-19ADDE6CA277"},"url":{"web":"assets/C225A446337CC560C15346928AEF4B10.svg"},"width":1024,"height":384},"40A5D9F138A1D7A3FF5EBF8D0CAA0E1D":{"type":"texture","index":129,"assetRequest":{"type":"slide","state":"outgoing-reflection","slide":"F3F06493-50C4-4021-9971-45F32D5A5374"},"url":{"web":"assets/40A5D9F138A1D7A3FF5EBF8D0CAA0E1D.svg"},"width":1024,"height":384},"2FAF8C70732ECC3B087C38460261E583":{"type":"texture","index":126,"assetRequest":{"type":"slide","state":"outgoing","slide":"F3F06493-50C4-4021-9971-45F32D5A5374"},"url":{"web":"assets/2FAF8C70732ECC3B087C38460261E583.png"},"width":1024,"height":768}},"events":[{"effects":[{"beginTime":0,"baseLayer":{"animations":[],"initialState":{"affineTransform":[1,0,0,1,0,0],"masksToBounds":false,"rotation":0,"scale":1,"position":{"pointX":512,"pointY":384},"width":1024,"sublayerTransform":[1,0,0,0,0,1,0,0,0,0,1,0,0,0,0,1],"contentsRect":{"y":0,"x":0,"width":1,"height":1},"opacity":1,"edgeAntialiasingMask":251658240,"height":768,"hidden":false,"anchorPoint":{"pointX":0.5,"pointY":0.5}},"objectID":"0","layers":[{"animations":[],"initialState":{"affineTransform":[1,0,0,1,0,0],"masksToBounds":false,"rotation":0,"scale":1,"position":{"pointX":512,"pointY":384},"width":1024,"sublayerTransform":[1,0,0,0,0,1,0,0,0,0,1,-0.0004922987690640373,0,0,0,1],"contentsRect":{"y":0,"x":0,"width":1,"height":1},"opacity":1,"edgeAntialiasingMask":251658240,"height":768,"hidden":false,"anchorPoint":{"pointX":0.5,"pointY":0.5}},"layers":[{"animations":[{"timeOffset":0,"beginTime":0,"repeatCount":0,"animations":[{"timeOffset":0,"from":{"scalar":0.25},"beginTime":0,"repeatCount":0,"fillMode":"removed","duration":0.75,"autoreverses":false,"timingFunction":"EaseOut","property":"opacity","to":{"scalar":1}},{"timeOffset":0,"values":[{"transform":[0,0,-1,0,0,1,0,0,1,0,0,0,-512,0,512,1]},{"transform":[0.02388551631779418,0,-0.9997147003571731,0,0,1,0,0,0.9997147003571731,0,0.02388551631779418,0,-511.8539265828726,0,463.0929296981228,1]},{"transform":[0.08715450548738878,0,-0.9961948063372187,0,0,1,0,0,0.9961948063372187,0,0.08715450548738878,0,-510.051740844656,0,334.0169714515637,1]},{"transform":[0.1792495202138544,0,-0.9838036437740526,0,0,1,0,0,0.9838036437740526,0,0.1792495202138544,0,-503.7074656123149,0,149.3562810330745,1]},{"transform":[0.2909018039436106,0,-0.9567529150529687,0,0,1,0,0,0.9567529150529687,0,0.2909018039436106,0,-489.85749250712,0,-64.44300835597349,1]},{"transform":[0.4132113170329805,0,-0.9106351670542214,0,0,1,0,0,0.9106351670542214,0,0.4132113170329805,0,-466.2452055317614,0,-277.5375806351614,1]},{"transform":[0.5374974554394976,0,-0.8432653706847362,0,0,1,0,0,0.8432653706847362,0,0.5374974554394976,0,-431.7518697905849,0,-459.3952913660765,1]},{"transform":[0.6556486706545642,0,-0.755066103509423,0,0,1,0,0,0.755066103509423,0,0.6556486706545642,0,-386.5938449968246,0,-584.1013410413509,1]},{"transform":[0.7607282905084017,0,-0.6490704646031621,0,0,1,0,0,0.6490704646031621,0,0.7607282905084017,0,-332.324077876819,0,-635.9178677143423,1]},{"transform":[0.8476245718837756,0,-0.5305964428252852,0,0,1,0,0,0.5305964428252852,0,0.8476245718837756,0,-271.665378726546,0,-612.7945318206902,1]},{"transform":[0.9135706619029156,0,-0.4066800286592259,0,0,1,0,0,0.4066800286592259,0,0.9135706619029156,0,-208.2201746735237,0,-526.4197072883881,1]},{"transform":[0.9584081556608796,0,-0.2854011337796527,0,0,1,0,0,0.2854011337796527,0,0.9584081556608796,0,-146.1253804951822,0,-398.8482449452659,1]},{"transform":[0.9845192821505729,0,-0.1752763049408575,0,0,1,0,0,0.1752763049408575,0,0.9845192821505729,0,-89.74146812971902,0,-257.1304898077219,1]},{"transform":[0.996387896886753,0,-0.08491854295495981,0,0,1,0,0,0.08491854295495981,0,0.996387896886753,0,-43.47829399293942,0,-128.1143409415642,1]},{"transform":[0.9997313072969896,0,-0.02318001747739231,0,0,1,0,0,0.02318001747739231,0,0.9997313072969896,0,-11.86816894842486,0,-35.4573695101497,1]},{"transform":[1,0,0,0,0,1,0,0,0,0,1,0,0,0,0,1]}],"beginTime":0,"repeatCount":0,"fillMode":"removed","property":"transform","autoreverses":false,"duration":0.75,"keyTimes":[0,0.06666666666666667,0.1333333333333333,0.2,0.2666666666666667,0.3333333333333333,0.4,0.4666666666666667,0.5333333333333333,0.6,0.6666666666666666,0.7333333333333333,0.8,0.8666666666666667,0.9333333333333333,1]}],"fillMode":"both","autoreverses":false,"duration":0.75}],"layers":[{"animations":[],"layers":[],"initialState":{"affineTransform":[1,0,0,1,0,0],"masksToBounds":false,"rotation":0,"scale":1,"position":{"pointX":512,"pointY":960},"width":1024,"sublayerTransform":[1,0,0,0,0,1,0,0,0,0,1,0,0,0,0,1],"contentsRect":{"y":0,"x":0,"width":1,"height":1},"opacity":1,"edgeAntialiasingMask":251658240,"height":384,"hidden":false,"anchorPoint":{"pointX":0.5,"pointY":0.5}},"texture":"C225A446337CC560C15346928AEF4B10"}],"initialState":{"affineTransform":[1,0,0,1,0,0],"masksToBounds":false,"rotation":0,"scale":1,"position":{"pointX":512,"pointY":384},"width":1024,"sublayerTransform":[1,0,0,0,0,1,0,0,0,0,1,0,0,0,0,1],"contentsRect":{"y":0,"x":0,"width":1,"height":1},"opacity":1,"edgeAntialiasingMask":201326592,"height":768,"hidden":false,"anchorPoint":{"pointX":0.5,"pointY":0.5}},"texture":"C050ABC6A89D3C8ED9F604B42593C483"},{"animations":[{"timeOffset":0,"beginTime":0,"repeatCount":0,"animations":[{"timeOffset":0,"from":{"scalar":1},"beginTime":0,"repeatCount":0,"fillMode":"removed","duration":0.75,"autoreverses":false,"timingFunction":"EaseIn","property":"opacity","to":{"scalar":0.25}},{"timeOffset":0,"values":[{"transform":[1,0,0,0,0,1,0,0,0,0,1,0,0,0,0,1]},{"transform":[0.9997147003571731,0,0.0238855163177941,0,0,1,0,0,-0.0238855163177941,0,0.9997147003571731,0,12.22938435471058,0,-36.53161253003918,1]},{"transform":[0.9961948063372187,0,0.08715450548738878,0,0,1,0,0,-0.08715450548738878,0,0.9961948063372187,0,44.62310680954305,0,-131.4116625835492,1]},{"transform":[0.9838036437740526,0,0.1792495202138544,0,0,1,0,0,-0.1792495202138544,0,0.9838036437740526,0,91.77575434949345,0,-262.575430229747,1]},{"transform":[0.9567529150529687,0,0.2909018039436106,0,0,1,0,0,-0.2909018039436106,0,0.9567529150529687,0,148.9417236191287,0,-405.3587772439648,1]},{"transform":[0.9106351670542214,0,0.4132113170329805,0,0,1,0,0,-0.4132113170329805,0,0.9106351670542214,0,211.564194320886,0,-532.2185918460367,1]},{"transform":[0.8432653706847362,0,0.5374974554394975,0,0,1,0,0,-0.5374974554394975,0,0.8432653706847362,0,275.1986971850227,0,-615.9484639716387,1]},{"transform":[0.7550661035094232,0,0.6556486706545641,0,0,1,0,0,-0.6556486706545641,0,0.7550661035094232,0,335.6921193751368,0,-635.0030666630387,1]},{"transform":[0.6490704646031622,0,0.7607282905084016,0,0,1,0,0,-0.7607282905084016,0,0.6490704646031622,0,389.4928847403016,0,-578.7490608508596,1]},{"transform":[0.5305964428252853,0,0.8476245718837756,0,0,1,0,0,-0.8476245718837756,0,0.5305964428252853,0,433.9837808044931,0,-450.4761297427431,1]},{"transform":[0.406680028659226,0,0.9135706619029155,0,0,1,0,0,-0.9135706619029155,0,0.406680028659226,0,467.7481788942927,0,-266.891703067619,1]},{"transform":[0.2854011337796528,0,0.9584081556608796,0,0,1,0,0,-0.9584081556608796,0,0.2854011337796528,0,490.7049756983703,0,-54.26864974207777,1]},{"transform":[0.1752763049408575,0,0.9845192821505729,0,0,1,0,0,-0.9845192821505729,0,0.1752763049408575,0,504.0738724610933,0,157.2019145236524,1]},{"transform":[0.08491854295495986,0,0.996387896886753,0,0,1,0,0,-0.996387896886753,0,0.08491854295495986,0,510.1506032060175,0,338.5579682715139,1]},{"transform":[0.02318001747739237,0,0.9997313072969896,0,0,1,0,0,-0.9997313072969896,0,0.02318001747739237,0,511.8624293360587,0,464.536890877484,1]},{"transform":[0,0,1,0,0,1,0,0,-1,0,0,0,512,0,511.9999999999999,1]}],"beginTime":0,"repeatCount":0,"fillMode":"removed","property":"transform","autoreverses":false,"duration":0.75,"keyTimes":[0,0.06666666666666667,0.1333333333333333,0.2,0.2666666666666667,0.3333333333333333,0.4,0.4666666666666667,0.5333333333333333,0.6,0.6666666666666666,0.7333333333333333,0.8,0.8666666666666667,0.9333333333333333,1]}],"fillMode":"both","autoreverses":false,"duration":0.75}],"layers":[{"animations":[],"layers":[],"initialState":{"affineTransform":[1,0,0,1,0,0],"masksToBounds":false,"rotation":0,"scale":1,"position":{"pointX":512,"pointY":960},"width":1024,"sublayerTransform":[1,0,0,0,0,1,0,0,0,0,1,0,0,0,0,1],"contentsRect":{"y":0,"x":0,"width":1,"height":1},"opacity":1,"edgeAntialiasingMask":251658240,"height":384,"hidden":false,"anchorPoint":{"pointX":0.5,"pointY":0.5}},"texture":"40A5D9F138A1D7A3FF5EBF8D0CAA0E1D"}],"initialState":{"affineTransform":[1,0,0,1,0,0],"masksToBounds":false,"rotation":0,"scale":1,"position":{"pointX":512,"pointY":384},"width":1024,"sublayerTransform":[1,0,0,0,0,1,0,0,0,0,1,0,0,0,0,1],"contentsRect":{"y":0,"x":0,"width":1,"height":1},"opacity":1,"edgeAntialiasingMask":201326592,"height":768,"hidden":false,"anchorPoint":{"pointX":0.5,"pointY":0.5}},"texture":"2FAF8C70732ECC3B087C38460261E583"}]}]},"effects":[],"duration":0.75,"type":"transition","name":"com.apple.iWork.Keynote.BLTReflection","objectID":"0"}],"automaticPlay":false,"hyperlinks":[],"accessibility":[{"text":"      搜索： bleve(功能和ES一样，也是基于lucence技术)","targetRectangle":{"y":44.73828125,"x":42.45703125,"width":428.484697265625,"height":24}},{"text":" ","targetRectangle":{"y":68.73828125,"x":42.45703125,"width":4.803715820312505,"height":26.98880004520416}},{"text":"       mysql代理：  vitess(youtube的mysql proxy，作用等同于mycat，撑起了youtube的所有mysql请求), kingshard(金山的mysql proxy)","targetRectangle":{"y":95.72708129520416,"x":42.45703125,"width":921.3594482421875,"height":50.98880004520416}},{"text":"8、安全平台： vault","targetRectangle":{"y":173.7046813856125,"x":42.45703125,"width":154.681337890625,"height":30.98880004520416}},{"text":"9、CI（持续集成）平台： drone","targetRectangle":{"y":231.6822814760208,"x":42.45703125,"width":248.830791015625,"height":30.98880004520416}},{"text":"10、Git web平台： gogs(我们公司内部在使用的git服务)","targetRectangle":{"y":289.6598815664291,"x":42.45703125,"width":426.559833984375,"height":30.98880004520413}},{"text":"11、云计算虚拟网络vxlan层: flannel(性能是目前虚拟网络中最好的，跟物理网络性能几乎差不多),之前h3c说的云计算虚拟网络层的核心就是vxlan,只不过h3c是自己实现的","targetRectangle":{"y":347.6374816568374,"x":42.45703125,"width":941.1230664062502,"height":54.98880004520413}},{"text":"12、云计算基础服务： IBM的z system、阿里云的小部分服务，华为PaaS云(研究院在对k8s进行二次开发)、网易容器云、Cloud Foundry、UClound等等","targetRectangle":{"y":429.6150817472457,"x":42.45703125,"width":929.8778124999999,"height":54.98880004520413}},{"text":"13、云操作系统：coreos、plan9(这两个系统的kernel和部分非常底层的功能是用C语言实现，其它部分很多都是Go语言实现)","targetRectangle":{"y":511.5926818376539,"x":42.45703125,"width":928.0120458984372,"height":54.98880004520413}},{"text":"14、Saas云服务: 这个很多也很杂，国外的创业公司居多","targetRectangle":{"y":593.5702819280622,"x":42.45703125,"width":431.33822265625,"height":30.98880004520413}},{"text":"15、CDN: 阿里、七牛、又拍云、dropbox等等","targetRectangle":{"y":651.5478820184704,"x":42.45703125,"width":353.5501074218749,"height":30.98880004520413}}],"baseLayer":{"animations":[],"initialState":{"affineTransform":[1,0,0,1,0,0],"masksToBounds":false,"rotation":0,"scale":1,"position":{"pointX":512,"pointY":384},"width":1024,"sublayerTransform":[1,0,0,0,0,1,0,0,0,0,1,0,0,0,0,1],"contentsRect":{"y":0,"x":0,"width":1,"height":1},"opacity":1,"edgeAntialiasingMask":251658240,"height":768,"hidden":false,"anchorPoint":{"pointX":0.5,"pointY":0.5}},"objectID":"0","layers":[{"animations":[],"initialState":{"affineTransform":[1,0,0,1,0,0],"masksToBounds":false,"rotation":0,"scale":1,"position":{"pointX":512,"pointY":384},"width":1024,"sublayerTransform":[1,0,0,0,0,1,0,0,0,0,1,-0.0004922987690640373,0,0,0,1],"contentsRect":{"y":0,"x":0,"width":1,"height":1},"opacity":1,"edgeAntialiasingMask":251658240,"height":768,"hidden":false,"anchorPoint":{"pointX":0.5,"pointY":0.5}},"layers":[{"animations":[],"layers":[],"initialState":{"affineTransform":[1,0,0,1,0,0],"masksToBounds":false,"rotation":0,"scale":1,"position":{"pointX":512,"pointY":384},"width":1024,"sublayerTransform":[1,0,0,0,0,1,0,0,0,0,1,0,0,0,0,1],"contentsRect":{"y":0,"x":0,"width":1,"height":1},"opacity":1,"edgeAntialiasingMask":0,"height":768,"hidden":false,"anchorPoint":{"pointX":0.5,"pointY":0.5}},"texture":"2FAF8C70732ECC3B087C38460261E583"}]}]}}]}